image_width: 640
image_height: 480
camera_name: left_cam
camera_matrix:
  rows: 3
  cols: 3
  data: [640.684915, 0.000000, 334.862021, 0.000000, 661.675684, 254.655279, 0.000000, 0.000000, 1.000000]
distortion_model: plumb_bob
distortion_coefficients:
  rows: 1
  cols: 5
  data: [-0.361668, 0.158951, -0.002919, 0.000037, 0.000000]
rectification_matrix:
  rows: 3
  cols: 3
  data: [1.000000, 0.000000, 0.000000, 0.000000, 1.000000, 0.000000, 0.000000, 0.000000, 1.000000]
projection_matrix:
  rows: 3
  cols: 4
  data: [578.134961, 0.000000, 337.574505, 0.000000, 0.000000, 627.566105, 254.751657, 0.000000, 0.000000, 0.000000, 1.000000, 0.000000]
