mage_width: 640
image_height: 480
camera_name: right_cam
camera_matrix:
  rows: 3
  cols: 3
  data: [694.277860, 0.000000, 342.581603, 0.000000, 715.407279, 250.499782, 0.000000, 0.000000, 1.000000
0]
distortion_model: plumb_bob
distortion_coefficients:
  rows: 1
  cols: 5
  data: [-0.467346, 0.252496, 0.009378, -0.011697, 0.000000]
rectification_matrix:
  rows: 3
  cols: 3
  data: [1.000000, 0.000000, 0.000000, 0.000000, 1.000000, 0.000000, 0.000000, 0.000000, 1.000000]
projection_matrix:
  rows: 3
  cols: 4
  data: [620.403948, 0.000000, 339.510312, 0.000000, 0.000000, 673.630039, 254.082194, 0.000000, 0.000000
0, 0.000000, 1.000000, 0.000000]
